11637517422274862853338597396444961841755517295286
13813736722492484783351359589446246169155735727126
21365113283247622439435873354154698446526571955763
36949315694715142671582625378269373648937148475914
74634171118574528222968563933317967414442817852555
13191281372421239248353234135946434524615754563572
13599124212461123532357223464346833457545794456865
31254216394236532741534764385264587549637569865174
12931385212314249632342535174345364628545647573965
23119445813422155692453326671356443778246755488935
22748628533385973964449618417555172952866628316397
24924847833513595894462461691557357271266846838237
32476224394358733541546984465265719557637682166874
47151426715826253782693736489371484759148259586125
85745282229685639333179674144428178525553928963666
24212392483532341359464345246157545635726865674683
24611235323572234643468334575457944568656815567976
42365327415347643852645875496375698651748671976285
23142496323425351743453646285456475739656758684176
34221556924533266713564437782467554889357866599146
44961841755517295286662831639777394274188841538529
46246169155735727126684683823779579493488168151459
54698446526571955763768216687487932779859814388196
69373648937148475914825958612593616972361472718347
17967414442817852555392896366641391747775241285888
46434524615754563572686567468379767857948187896815
46833457545794456865681556797679266781878137789298
64587549637569865174867197628597821873961893298417
45364628545647573965675868417678697952878971816398
56443778246755488935786659914689776112579188722368
77394274188841538529995264963111637517422274862853
79579493488168151459927926256113813736722492484783
87932779859814388196192549921721365113283247622439
93616972361472718347258382945836949315694715142671
41391747775241285888635239699974634171118574528222
79767857948187896815929891792613191281372421239248
79266781878137789298924889131913599124212461123532
97821873961893298417291431952831254216394236532741
78697952878971816398918292741912931385212314249632
89776112579188722368129983347923119445813422155692
22748628533385973964449618417555172952866628316397
24924847833513595894462461691557357271266846838237
32476224394358733541546984465265719557637682166874
47151426715826253782693736489371484759148259586125
85745282229685639333179674144428178525553928963666
24212392483532341359464345246157545635726865674683
24611235323572234643468334575457944568656815567976
42365327415347643852645875496375698651748671976285
23142496323425351743453646285456475739656758684176
34221556924533266713564437782467554889357866599146